prn (keVnr) 	 qi (keVee) 
------------------
3.604866   0.660767
19.394490   8.338522
10.387937   4.267084
7.879400   5.945889
7.435414   4.547838
15.900593   10.551060
7.833563   4.978351
4.559306   2.767595
10.887724   7.118921
8.857384   4.918116
2.173210   0.212815
14.674686   8.873966
19.968853   13.052958
14.264979   6.260004
16.857978   10.845073
17.457412   11.013415
17.003448   10.263008
15.267124   9.951783
2.227250   0.063793
17.706051   10.434957
14.639785   8.706255
2.090677   0.441948
16.990159   9.645417
2.531490   1.151391
17.512618   10.317316
17.442378   11.809459
16.630124   9.906612
19.199641   12.016692
16.865155   10.085877
12.376926   8.980352
3.839191   2.276343
15.384767   10.689446
14.622750   3.609903
5.170489   3.454334
16.420280   9.697368
17.489555   10.455266
6.908773   4.714537
8.467773   0.549274
2.339466   1.664726
2.861952   0.019339
6.794268   3.302265
4.373307   0.454448
13.751503   9.806624
18.259664   10.281639
10.305989   6.561291
14.762707   9.659245
5.229197   3.236768
3.140508   2.682300
19.650944   12.177526
2.340344   0.382043
16.406256   10.558914
2.678817   0.099556
4.574308   2.486678
2.179297   0.286532
10.486921   0.409015
17.144265   9.446212
9.896642   6.473212
17.950375   10.734647
18.800630   12.301263
6.397075   3.857207
3.209232   2.064571
8.165151   4.972375
7.257044   1.829282
15.409728   9.343675
9.642301   6.297549
2.701990   1.956828
19.965421   10.925915
13.894382   8.535295
4.656647   2.797780
6.571024   3.651915
3.445762   1.991355
19.616898   13.277419
15.875323   10.188377
3.556498   0.201624
17.360402   10.177818
8.749263   0.480239
3.008681   1.435974
7.760253   4.826835
12.611721   8.557576
3.394425   1.693263
8.438073   5.932227
16.795269   11.085325
2.925590   0.644772
12.887203   8.187037
16.641661   10.969303
4.533006   0.988093
17.059659   10.215487
11.922467   3.316278
3.106672   2.391301
17.266619   10.169455
2.373268   1.847029
17.060297   10.603749
8.176171   4.635405
16.551457   10.386738
17.237546   9.872901
16.735086   10.452353
3.542233   2.154763
5.757555   3.678160
5.181836   3.020131
12.221585   6.169718
13.210686   7.609114
6.776655   3.608305
2.041962   0.682560
17.911317   11.181588
4.438075   0.318800
6.291542   3.915988
14.741674   8.841708
4.318153   2.551914
11.735623   8.530008
17.495785   12.032749
16.572072   11.280850
2.614148   1.322110
5.303666   2.675076
11.362568   4.242060
4.709936   3.519016
8.590988   4.850870
10.174651   -0.074435
7.312183   4.292058
12.309918   7.043766
6.402818   3.383984
18.445972   13.340669
2.788741   1.320822
8.979529   5.701790
17.482396   10.705435
16.762800   10.377415
11.372723   8.046384
8.776181   5.365713
3.795854   1.906175
11.555690   6.710876
3.726623   2.255141
18.948069   13.839062
16.762310   10.018126
3.934844   2.136473
2.842164   0.682933
5.613534   2.813855
2.224412   1.146308
3.895867   2.243849
16.818872   10.891383
3.075237   1.352623
9.143763   1.278046
13.171053   8.396377
2.751967   0.126966
7.704155   4.833693
16.916649   10.328417
16.332002   10.328394
2.359530   1.590502
17.145361   10.901563
4.837067   3.462837
14.797399   7.929097
11.856638   7.173870
16.100714   10.270802
8.726452   5.630726
15.170066   10.228762
5.378952   2.804731
2.432770   1.320561
14.276263   10.703979
6.491227   3.941783
19.233883   13.066233
16.439807   11.513271
17.047340   10.716449
14.940520   10.674740
16.506183   10.495875
2.349268   1.491585
9.599526   6.374230
14.580607   8.804547
4.264330   0.353051
17.660374   10.827474
17.387300   9.742215
17.910014   10.260842
7.913902   4.678974
7.032673   4.011380
7.814777   2.684682
2.199000   0.448020
10.200184   6.635108
8.976871   5.027939
16.649314   6.248395
6.360879   3.436854
17.763908   12.645980
15.282691   10.052455
13.442314   8.522562
2.506637   1.467200
7.366042   4.223933
17.064565   10.210479
15.755942   10.235800
14.180713   9.482277
3.076308   0.250808
10.895211   7.392755
17.296173   10.587036
16.663025   10.187532
10.194311   6.811534
2.614835   0.738707
17.223480   10.706221
2.644160   0.462552
3.747074   0.093556
16.892948   9.813328
14.815441   9.197999
14.912475   10.060782
17.617979   9.489074
11.432534   7.505689
11.821818   7.986806
4.394993   2.228068
15.317379   10.737431
11.935848   7.147528
10.744323   6.389225
17.348141   10.766589
19.583325   0.925369
14.825580   9.187418
2.162531   0.958918
5.215242   1.942519
11.649677   6.428248
10.384160   6.759470
16.335535   10.312289
2.708438   0.030935
9.084623   3.476552
5.385401   0.834435
17.270786   10.558994
18.054510   12.372090
15.947194   10.415011
18.564612   13.159819
17.612480   10.635946
5.629532   1.885797
13.851670   8.435406
3.069178   1.187706
14.711776   6.585468
16.644489   11.562228
18.361380   12.151096
16.561907   10.356832
6.714727   0.492920
13.651098   8.690403
2.571256   1.331230
5.785338   0.592446
14.066088   8.985817
10.969621   6.890944
16.584853   10.281701
15.803411   10.200866
5.450665   3.112385
4.790404   3.986352
17.842991   5.913124
16.501699   10.854623
16.329179   11.023842
12.044165   7.426193
17.351917   11.025905
15.483637   10.796557
3.241293   0.657819
16.515722   10.790552
15.036831   9.411923
19.484714   13.069437
4.688226   1.631156
11.721521   7.507528
2.555434   2.217781
12.579328   7.625045
15.842111   10.338654
2.305550   0.990829
4.595551   2.397837
5.249026   0.753475
14.635554   5.538549
7.437421   4.957444
18.404789   10.118804
18.372007   10.828167
16.982677   10.321353
2.235421   0.926777
17.293264   10.315826
14.700188   10.320363
12.164430   7.645201
7.531536   4.607136
8.212056   0.530753
4.357634   0.829781
6.736833   3.866099
8.080673   4.851373
9.461108   6.790292
14.805387   3.733964
11.483596   5.929746
2.192654   0.375445
15.211184   9.488248
2.012598   0.512885
17.149549   10.394890
19.171874   11.925221
5.411194   0.151164
7.748343   5.215149
3.176082   2.272739
2.666939   0.128598
3.487381   2.131745
5.008812   3.479880
12.044237   7.097581
15.174830   9.342153
3.856734   0.890973
17.638269   10.899799
19.116767   6.971835
11.738192   8.734874
6.107080   3.261415
6.199786   3.966262
6.220575   3.391176
2.701820   1.383224
14.560121   10.538250
5.658107   2.746366
11.969433   0.295080
17.204974   10.297918
15.317850   10.585264
13.909776   9.821548
14.170828   9.156174
13.791840   8.917944
3.871986   0.722866
15.376692   5.087685
5.663353   3.955030
17.180013   10.441305
2.209238   1.473299
8.213690   5.897993
4.461657   2.233081
2.304558   1.178923
17.360249   9.898508
11.371401   8.319456
6.358783   4.122140
2.112565   0.428096
16.273473   10.614164
7.066692   0.035893
5.844665   3.505499
17.140670   10.235394
14.322223   11.324707
16.631785   9.998147
2.555845   1.903642
8.437559   4.665502
14.603035   9.334338
3.063003   0.348737
7.127035   4.620243
4.541628   3.178232
8.541026   6.056843
17.419500   10.832889
16.978763   10.724430
16.694772   10.526658
16.569372   9.995844
13.269185   8.901199
15.637797   9.782492
17.145940   10.524797
13.094960   7.649547
10.293779   6.599617
16.601721   9.689048
5.298597   3.006226
6.470838   4.038075
14.402689   10.081265
15.839717   10.953764
4.828424   2.508904
7.113972   3.754751
2.538139   1.574316
5.171857   0.031238
11.383234   6.503874
4.553469   2.807634
15.317260   10.880480
18.403786   6.353994
16.513118   10.665491
16.679340   11.395343
5.646168   3.864206
5.004805   2.684017
12.787236   8.610487
15.526777   9.966463
17.013260   10.364544
3.775539   0.137614
15.809462   10.328425
19.856110   13.444217
14.441971   9.772277
16.947620   10.403921
16.477219   10.658811
3.477795   0.705835
16.203027   10.437512
2.907093   0.792117
12.760423   5.190506
8.656504   6.825035
13.099254   8.666410
3.779128   2.532721
6.307106   3.347700
18.227958   10.834427
13.675061   5.721273
10.208300   6.387875
14.115250   8.557572
16.520299   10.936513
7.345946   0.009469
16.403745   10.722756
10.603452   7.366729
5.916211   2.564692
17.164351   10.434685
17.221379   10.277843
18.947247   11.254256
6.971629   4.603635
11.246820   4.811382
18.030842   0.700407
2.282880   1.394600
10.609023   3.883573
16.032342   10.793795
3.873057   2.382618
13.700075   8.754427
13.112692   7.776582
19.334521   14.510906
7.533996   4.870703
15.742106   10.114937
9.529066   6.647709
9.885073   6.772526
2.600307   1.167254
3.566766   0.376324
14.771327   10.348402
8.161082   0.375684
6.585596   4.153432
17.580745   4.715671
14.191948   9.992754
16.670927   10.956949
11.732354   2.059050
4.075752   1.843536
11.770078   6.625392
15.323190   10.804371
3.116109   0.306803
6.577271   3.922981
11.700721   7.098910
4.902257   3.595933
15.424429   9.096377
5.145454   3.805299
9.312930   6.244393
8.153475   4.186639
7.433813   5.068101
19.961953   13.614443
10.718406   7.033555
17.948577   12.634104
18.338020   12.488023
15.204329   9.374962
3.286959   1.607070
5.563242   3.104056
18.443698   11.646682
18.870975   11.825590
16.910388   10.428339
19.738338   11.927976
9.149228   6.625445
18.852916   12.065695
17.170805   10.807559
3.964443   -0.011794
16.419602   3.606659
15.632962   11.112399
4.317513   3.395005
16.130529   10.128507
16.134454   10.360346
9.135148   4.918327
3.858158   2.064002
7.011999   1.027846
17.389048   11.561375
19.913273   12.803938
14.443080   8.838810
7.400143   5.249308
12.320999   8.112745
2.067594   1.277074
16.657673   9.576690
4.514016   1.159166
3.282636   1.629663
9.557133   5.599224
14.561845   8.909231
7.955632   5.201991
13.255154   8.671533
4.492254   2.071067
16.389017   10.035289
15.324404   3.639145
2.469820   1.683679
16.627786   10.939554
2.774079   1.474668
16.839928   10.820199
16.406349   10.246425
17.148808   10.124579
19.260125   12.629867
7.674286   4.321474
4.646388   2.472694
3.662587   2.170155
3.220584   1.329447
12.297970   7.647415
2.247510   -0.079223
2.311236   0.788815
2.872774   0.984692
2.072000   0.866550
5.046989   3.598365
13.735075   10.040493
3.040631   1.408175
14.701547   10.472913
6.785649   4.223358
7.623968   4.387249
14.277287   9.635346
17.404203   11.913002
18.221275   11.900063
18.653408   12.860497
12.096691   7.536167
3.474460   0.471235
8.153556   4.979579
8.516632   4.610203
3.332385   1.782717
2.235735   1.138182
5.743353   4.267468
3.537508   1.157572
13.211074   4.942122
16.249569   3.851007
5.863107   4.225281
18.482186   11.872657
16.487492   10.883306
9.576297   5.726198
6.057836   2.522604
11.203867   7.290901
5.124410   3.404699
10.562610   6.744097
5.345603   3.385317
6.584397   4.401910
2.714109   0.177515
17.048954   10.369908
16.014875   9.831348
2.751490   1.291123
15.579765   10.715377
14.162258   9.538026
12.720544   7.747355
3.150717   0.818004
14.874521   10.655253
4.914778   0.801459
16.449748   10.245016
10.444934   7.473404
7.741501   5.748849
14.124348   10.406029
2.208391   1.289772
16.193326   10.594480
2.015060   0.722623
19.468590   12.689127
17.057393   10.700542
13.839353   8.904802
14.736668   10.734324
2.787245   2.108790
10.924113   6.483631
16.352938   10.385717
17.845318   10.247603
16.140053   10.151983
3.298950   1.323074
15.581550   8.085042
8.651051   5.115089
2.940629   0.207840
10.502788   5.917981
16.765152   10.628775
9.781375   5.996737
17.998879   10.150467
3.783218   0.615423
8.839427   5.297814
3.764250   2.810667
17.334067   10.500272
19.407870   11.505169
5.755121   0.665505
11.696235   6.227508
9.798328   6.137892
16.147927   10.746603
6.977487   3.356005
18.135452   10.319166
8.963677   5.535237
10.611239   7.514641
16.968745   10.374074
15.689229   10.510995
15.427232   10.115555
14.731568   10.459617
14.504272   8.657784
5.768028   0.350641
8.494455   5.887957
2.233734   1.445733
8.447658   3.707495
2.207428   -0.018393
17.545136   7.877788
15.409825   10.183563
16.101094   9.128998
13.714018   2.292801
17.088462   10.512615
2.821213   0.747082
6.881110   4.304109
19.377245   6.770284
2.688901   1.080317
17.039370   10.277656
19.602992   13.244572
5.112014   0.082257
16.641404   9.676619
14.185098   10.473624
3.854783   0.442584
6.054086   0.511409
2.570546   1.859493
16.613036   10.340528
14.607437   8.636867
16.732418   10.324151
11.425388   6.475451
3.022550   0.966807
16.472431   10.657622
10.165667   7.017723
15.763860   10.456759
2.350968   1.206453
10.569634   6.277960
8.991485   2.023787
17.516559   9.975029
9.208873   6.106519
13.530464   6.088031
17.999185   11.167041
9.059467   6.339626
18.070950   12.389236
7.060091   2.585522
9.409990   5.513357
16.216771   10.701601
17.488741   10.461372
15.721799   10.955164
6.066970   3.509955
5.587844   3.703842
14.592976   8.359622
15.037245   10.267531
7.241530   4.507120
14.231119   8.353562
15.950354   10.214889
9.516585   5.609031
12.108977   7.905431
7.084545   0.117370
16.057820   10.753464
9.397341   6.611827
15.711040   10.783428
12.695991   7.743668
15.837765   9.689487
14.619194   10.418038
14.799466   8.517784
14.713197   10.452686
14.553365   9.721275
11.119261   6.689421
2.585431   1.444535
4.013209   0.664922
17.252982   11.491341
18.648680   12.128893
17.048536   11.929553
11.928883   2.821461
18.024156   10.568040
9.863099   6.328318
10.883408   6.287474
5.078728   0.221956
5.945014   2.260662
10.072643   0.903589
6.540280   4.035536
17.363929   10.506221
8.272555   5.293536
12.211797   7.570886
4.511544   2.353259
5.430331   3.190718
12.677933   8.081177
11.838943   7.110898
16.352647   11.171819
17.180850   10.591138
8.717560   3.284826
14.360867   11.001986
13.086692   8.849123
2.352320   0.365853
2.567909   1.908352
14.279432   5.319852
4.772321   0.995344
13.975952   8.256679
16.936979   10.022065
4.370656   2.525905
11.863698   7.553472
12.457265   7.859490
11.961878   0.774301
16.145019   10.193480
15.710956   1.114469
19.051478   11.433977
17.661342   11.199687
6.291606   3.581071
13.911019   8.998304
15.861085   9.651396
10.870882   6.212071
16.951369   10.958222
2.655947   0.158916
9.837451   5.087396
7.989416   1.309204
15.261227   10.506790
13.471101   8.521735
7.624298   3.838094
16.737403   9.865032
16.286713   11.458218
11.986900   7.359287
2.182675   0.937642
8.359100   5.211536
2.403267   1.279595
2.017435   0.603810
6.339174   0.214314
11.556707   6.914713
2.139711   0.351321
19.948653   13.140995
16.840299   11.066630
11.033656   5.987924
11.971785   7.165502
8.831699   1.223429
3.275631   0.598990
8.122321   5.800736
17.167684   10.766831
10.866558   7.964830
2.906780   1.524002
14.749538   9.809514
3.287104   -0.036912
15.922486   10.439589
5.801744   3.048230
4.637618   2.489062
3.440699   1.357031
16.747933   10.367046
2.301456   0.077357
18.892773   8.637188
6.261068   3.808300
11.904931   7.215088
10.907030   5.398530
17.829248   12.192288
10.479744   6.645618
2.607356   1.972412
4.196415   2.625391
6.193902   3.592119
14.433591   10.147084
2.537522   0.602972
6.940574   4.195934
17.764049   10.505890
16.337757   10.062404
11.506753   6.236332
16.563374   9.871026
16.566530   10.320259
13.904078   8.424503
14.855709   10.392374
2.414823   1.394235
17.249895   10.601716
11.197028   7.632840
15.767712   9.158845
15.827560   10.821521
16.596731   10.538741
15.758120   10.477493
3.191951   0.107009
16.202587   10.939923
11.027778   6.800077
15.885335   10.736491
17.098893   9.919322
17.214006   9.980190
17.141184   10.963480
16.092003   10.468702
7.169989   3.712050
4.165430   3.122035
16.638758   10.341834
11.973658   7.985491
15.419543   10.736815
16.207291   9.920743
13.281250   8.088807
16.914724   10.454147
12.439790   8.728222
17.544404   10.554408
17.101048   11.072950
15.494842   10.720904
14.343076   8.628354
15.445695   10.497521
3.784041   2.544033
3.616559   0.705653
10.090177   2.666976
2.388867   1.647255
8.573688   3.776124
17.344193   10.541265
19.246935   12.627610
3.311488   2.368821
15.783126   10.545479
10.994021   6.891057
9.685853   6.299957
15.390722   10.944839
8.293684   4.625116
6.420975   4.224572
18.284826   11.713130
16.642269   10.451394
17.922203   10.907368
16.282757   10.542164
2.528405   0.160404
19.779600   12.417678
12.987133   9.395104
3.816349   0.218980
17.155109   10.638350
2.006520   0.071696
2.119417   1.150953
10.853426   6.855411
17.464326   10.184705
4.613186   -0.082238
16.735749   10.804779
16.397220   10.354570
6.555099   3.941857
17.135251   9.903292
7.240705   5.253936
16.764320   10.201442
19.353323   14.599660
14.925977   10.592395
14.680210   10.377976
3.226756   1.984836
16.619947   9.976281
12.883232   7.278312
17.237786   10.623040
15.061618   10.081326
16.962063   10.254224
19.162266   11.547859
3.221376   1.837384
15.229447   9.013165
15.141220   10.801952
15.100664   11.388447
5.745781   3.672969
17.588746   11.012174
15.424606   9.925734
2.351641   1.661806
4.139208   1.948668
3.915472   0.295278
14.849967   10.467325
2.211172   1.175978
5.661453   3.406590
17.515568   10.018230
7.776291   5.076143
10.649968   6.634466
16.431043   10.576771
4.160195   2.636967
16.903788   9.897616
14.513848   8.674975
2.626288   0.389792
2.258793   1.129244
2.396173   0.644256
19.662923   12.700951
6.970751   1.087171
19.657538   12.704236
6.930472   5.007944
7.354934   4.867462
17.313386   9.995309
17.132326   9.587780
11.428500   7.646590
16.614444   10.504246
15.790572   9.793966
17.044046   7.806735
3.290060   1.060294
16.935483   10.084212
4.641217   2.379001
3.197775   2.012767
16.290958   9.905707
4.844714   2.076186
15.748860   10.383609
4.003228   2.800034
5.171838   3.019678
16.817067   10.198755
16.055819   9.653055
11.314068   8.303067
9.416497   0.308912
6.871710   4.648544
3.677883   2.380847
10.913908   7.021449
15.590856   10.566587
8.513810   5.550252
3.127070   1.367085
12.272963   6.813273
5.454199   1.878310
16.916644   9.665090
13.089088   8.786155
15.328006   10.301107
3.483089   1.175234
4.953129   1.890291
10.947277   5.564642
16.239393   9.427272
12.967184   9.242727
13.615433   8.320430
8.169479   4.494605
7.841285   5.608985
11.914318   7.244883
14.249361   8.363450
13.944237   4.758641
17.100146   10.061982
18.003692   10.812721
17.050087   10.449468
2.373380   0.518641
7.628603   4.789750
4.450502   1.617648
6.426384   3.543640
5.291551   0.429223
9.349607   6.718923
13.105549   8.804532
8.073050   5.613835
15.287431   10.033249
14.962882   9.551262
7.704305   4.408248
12.207364   3.991424
15.857618   10.644346
15.683438   10.235057
9.910959   5.629428
14.944751   8.623498
14.308914   6.973636
5.010815   2.834441
17.002131   10.006975
9.146277   5.446359
15.819752   9.678444
16.904840   10.307386
19.907104   12.929906
9.569433   6.313880
11.786879   7.317167
4.478613   1.488850
11.029312   6.364923
17.410260   10.780434
5.556142   3.084467
10.788054   6.305176
15.793005   11.301218
10.297987   5.399439
6.031078   3.753304
18.656705   11.874543
4.706195   0.682419
10.336499   0.124745
15.555446   10.451829
19.641187   12.662697
7.508564   4.416700
7.191225   2.881864
9.451667   6.034424
9.222287   6.271926
19.769870   11.875671
4.794994   2.746331
5.567026   4.435152
14.613546   8.506159
9.945997   7.129983
9.150694   5.943429
2.600397   1.534178
19.441853   11.343832
2.086139   0.654159
6.051993   3.163700
3.832687   0.488101
16.611932   11.156108
5.429141   4.011590
2.801346   1.768080
8.133563   5.963322
3.061576   0.159489
7.639950   4.224676
16.529770   10.245941
7.069165   4.559361
6.631133   3.759201
10.594114   5.730873
5.487134   0.042826
19.871542   13.381605
7.495421   0.343016
17.063665   10.001471
15.574761   9.775329
5.744716   1.523451
7.342331   -0.096740
19.270109   11.508991
17.855042   11.914743
15.027441   9.823488
17.319613   9.671700
17.772205   11.605184
2.239807   1.015973
14.928491   10.641391
16.529097   10.683941
14.531180   7.145535
2.141421   1.562761
15.404512   10.225556
15.520732   10.168900
14.686990   10.508182
15.776164   10.323011
9.345994   5.426705
15.510441   10.042460
15.707898   10.130581
4.230109   0.499645
7.518965   3.947302
17.656978   10.817407
17.293653   10.274415
17.104401   10.459668
17.414896   10.205500
4.993883   1.189440
19.636094   11.958435
17.059040   10.394762
4.990056   0.647930
17.366541   9.689769
4.957706   1.013797
2.059198   0.711015
12.710852   8.554325
9.426416   6.438189
17.077089   10.270344
2.446201   1.899398
9.920212   6.152686
16.700635   10.173531
16.605382   10.359245
17.381515   9.731933
14.119992   3.864013
16.897309   10.805615
2.392609   0.796410
17.163236   9.710359
2.166896   0.208076
7.560951   4.750564
15.944035   10.093387
17.563102   10.185785
3.447932   2.190336
18.109150   10.104447
16.192181   10.890248
17.343712   10.500945
2.114557   0.157192
2.380018   1.805213
9.761965   6.857194
19.849047   13.218745
10.262589   6.179849
16.595604   10.669454
4.234298   0.464466
16.591061   10.562898
6.975433   0.187271
5.880380   0.053277
18.994057   12.438710
17.696874   9.870328
8.644436   4.899018
12.527367   9.318982
9.629437   1.318932
14.063296   9.535026
16.737331   10.222704
14.930945   10.481457
2.108003   0.833650
2.146318   1.285467
17.345794   10.448986
17.245123   10.534923
3.051620   0.475979
11.451322   6.406029
12.064688   7.408051
5.055865   2.934170
2.851898   -0.238877
15.191002   9.467419
17.783949   11.298161
2.371161   0.568095
7.357775   0.012261
3.561809   0.393585
8.054200   5.517844
15.759062   10.613981
9.886191   6.009550
3.569251   1.791719
13.729076   8.906096
4.239550   3.183832
11.160052   6.799940
17.160456   10.254838
18.607121   11.699260
9.832276   3.587476
3.498491   0.399186
19.384729   11.920594
3.154415   1.570996
8.752180   4.545203
3.251487   1.851476
3.889447   1.936026
6.832971   2.618417
3.962818   2.502070
16.285644   10.120062
3.095564   0.326227
17.145734   10.530492
2.569065   1.269927
3.122480   2.149777
4.459864   1.944982
6.784402   4.074627
3.702433   0.588477
4.516346   2.422443
17.065852   11.076509
5.396701   4.272369
18.953216   8.321083
5.939663   3.189090
6.607045   2.627540
6.086182   -0.031878
18.394721   12.790128
7.995078   4.920396
7.738869   4.815407
2.772348   2.233961
10.279907   6.034644
16.532292   10.863908
16.715036   10.039110
2.303617   0.969011
9.547240   0.366035
13.450817   7.765202
9.048725   2.359660
6.150975   3.921013
10.046693   5.924386
4.261245   0.381796
14.621792   8.735415
9.388738   6.011572
5.784862   3.746877
18.277723   12.662221
2.638762   1.442090
17.196990   10.478971
17.453509   9.830812
17.286267   9.646752
13.889664   8.982981
8.026537   4.910874
17.067347   9.959284
14.021662   7.900464
16.910239   10.167957
5.833947   0.657852
2.881276   -0.116879
2.233309   0.752447
2.276011   0.146269
10.791816   7.254283
15.132996   1.437922
13.713816   8.255620
15.654960   6.298898
9.776165   5.748983
5.397936   4.401498
4.469730   2.462003
4.277402   0.686298
11.832816   6.663987
3.480111   1.925171
16.505536   9.676622
7.574803   4.663413
2.566594   0.460891
17.165201   10.411220
7.043170   0.987346
15.416544   10.529643
12.482233   8.848459
16.435240   11.013107
11.240104   6.688841
16.634842   10.084427
7.777866   0.399321
17.044077   11.127271
7.160619   4.543376
10.207205   6.239277
16.321180   10.804574
17.461242   10.224166
7.639255   0.233317
17.258269   9.644934
16.721816   10.278460
2.946703   0.351818
16.747485   10.580356
14.219807   9.856544
4.844013   3.035837
2.923777   0.258838
16.270477   10.244042
15.375353   9.835429
6.342640   0.738557
3.033520   1.579495
16.202204   10.684318
2.060904   1.070625
14.787686   10.289961
17.037266   10.505395
15.526827   10.201138
2.153871   0.669912
15.003162   10.502942
17.378187   9.819979
3.264932   0.539114
14.283306   8.545342
14.809148   8.909582
5.822210   1.468763
17.341448   9.946023
2.436284   1.375867
10.030111   7.590111
12.358530   7.544159
4.301607   0.209028
3.421553   1.008899
3.853946   0.352215
15.079343   10.008574
16.022883   11.486660
16.638972   10.752837
15.693829   10.559351
2.171284   0.269637
3.244293   1.347410
5.925122   3.675627
13.561974   5.851045
3.099439   0.562317
15.497880   11.199580
5.007873   -0.156769
18.538693   11.784590
16.755278   9.849147
7.142816   5.267215
2.506388   1.321660
16.304120   10.492577
17.599174   10.692548
17.356740   10.340123
17.487430   10.037526
17.299892   10.079635
14.459852   9.800581
9.840825   7.233377
15.388521   10.517402
13.355391   8.149909
16.759725   11.770259
2.004778   0.193924
7.831740   4.648269
15.818894   10.187497
5.714687   2.901625
2.944657   0.828699
7.568212   1.727053
6.090539   0.912694
16.762691   10.394623
5.667751   1.845895
16.313035   10.106436
5.674261   3.443587
18.885244   12.192502
2.777462   0.568514
16.714005   11.401840
5.808656   3.171379
19.091589   11.344987
2.961023   0.124567
17.100092   10.226302
16.552260   11.891509
7.301940   4.991853
5.435026   2.674171
15.325110   9.719671
16.765234   10.839691
4.773807   0.039353
16.744472   9.629269
10.577744   6.348506
16.545012   10.255558
11.159080   8.549986
12.987989   6.836575
2.034232   -0.088109
16.996688   10.498354
15.545330   9.117774
9.724768   6.548084
3.049088   2.224233
2.077120   -0.003010
2.873165   2.585348
14.733329   9.761498
17.346858   10.285609
12.288389   8.808364
7.669786   5.331874
16.875379   9.628176
15.375920   10.616480
3.846072   0.229797
16.910540   10.415940
16.471558   10.147711
15.338937   10.544345
15.754282   10.092793
12.315505   8.274523
17.557159   10.176335
2.594910   0.847683
17.322756   12.446716
9.857486   6.672322
16.210196   11.044197
3.899841   2.521974
9.687393   6.068001
18.101776   12.333905
10.846919   6.319958
19.655961   13.751430
7.226641   4.222150
2.186989   0.107331
15.964845   10.527352
6.869196   0.443229
2.021253   0.400550
4.928341   0.271453
3.024427   1.897453
16.947915   9.386133
2.353375   1.614248
17.162566   9.712114
15.804793   10.103187
2.251392   0.242070
3.022507   0.226591
3.745662   0.222353
16.356352   10.264485
15.108420   11.073187
17.567961   9.719372
7.861238   3.527061
2.141600   0.174157
11.348563   7.707332
16.861930   10.354854
6.517794   1.921842
16.719067   10.451119
2.299549   1.825574
6.921378   4.566524
9.793758   3.877674
12.978775   8.724819
7.902452   4.554653
5.884455   3.844145
2.705705   1.551739
13.749428   8.772652
16.682772   11.156996
4.369393   2.528732
15.976555   10.330592
7.456337   2.595857
9.948311   5.795874
5.268281   3.532030
18.688863   12.393515
6.828361   4.010521
3.206636   0.393958
7.304097   4.656809
12.685716   8.115114
