prn (keVnr) 	 qi (keVee) 
------------------
5.872391   3.047322
9.379797   5.917714
7.028135   4.386664
18.683291   11.821157
16.718239   10.165646
14.691445   9.140196
18.552812   11.011888
8.881047   5.432129
10.529446   6.166212
8.630858   3.635029
7.590370   4.109407
19.744259   13.800046
9.433381   6.615331
16.487673   9.970082
19.301082   12.299263
9.237685   5.067553
5.812911   3.488506
17.165787   10.485917
18.621767   11.380338
18.418959   11.326900
13.195227   5.366058
6.825037   4.294917
8.692433   5.151898
7.443097   4.859165
9.138206   6.331049
17.111723   11.161735
13.814132   8.329350
10.505965   5.291830
9.995624   4.906040
10.270994   5.616921
9.633949   6.520379
19.067277   12.232249
8.535300   6.052342
17.771942   10.256577
18.971575   12.075846
19.624383   11.534587
16.041617   10.977011
8.867164   5.381481
16.086488   10.215208
19.672731   11.924993
6.714173   3.971577
7.857735   0.032701
14.169696   9.321480
12.738552   7.774766
6.687687   4.074547
17.150224   11.666857
7.998526   4.089872
16.266561   9.626519
12.741092   7.711771
2.116909   0.248532
19.678336   12.239170
6.546897   4.427767
7.430179   4.185343
12.094081   7.149141
13.944901   8.265786
12.600034   7.983893
14.856499   10.196038
9.134797   5.862249
19.793832   12.398616
12.113528   7.203556
9.019711   5.792902
14.049773   9.097193
10.834160   7.097839
17.592122   11.835847
12.972436   8.821802
9.499430   5.658758
13.170586   7.124005
19.684799   12.197318
10.813396   6.331480
10.804159   6.885166
6.082015   4.023190
7.843823   5.246039
9.233725   5.364181
9.450879   6.038879
17.435897   11.364900
4.702436   2.800658
6.892872   4.106638
10.599306   5.522321
16.472186   10.711093
17.823925   11.811338
5.929469   2.942696
10.561520   6.333003
11.363781   6.562196
10.252515   5.623841
14.632382   8.116691
18.587902   9.016269
6.232870   4.062051
2.955477   2.117303
2.915434   1.454920
5.094441   3.360341
8.128801   5.819667
12.373136   9.818320
4.898980   2.993292
16.453768   9.074100
10.575115   6.134175
11.586804   6.806447
6.061049   3.516538
12.631699   7.898387
15.433863   9.572302
5.796659   3.704468
6.365830   4.244319
13.983629   9.058556
16.063767   9.866708
19.172948   12.541780
18.298322   10.712229
12.094812   7.396688
9.347500   5.539476
5.685458   3.666123
6.247410   3.786483
5.867537   3.881802
7.763566   4.798704
4.239755   3.402388
11.059929   7.016084
2.344521   1.153015
14.351728   9.739828
15.151197   9.987380
7.806365   4.809487
18.584316   12.680204
11.921238   7.728416
11.791578   6.856846
18.324912   12.523197
6.743491   4.433287
7.576834   4.421338
12.191334   7.268691
15.176640   8.248635
8.934700   6.093523
12.824160   7.504183
10.544609   3.924775
11.132442   6.198866
17.902827   11.069665
11.342322   7.901008
11.305678   7.488536
17.326705   10.453771
12.173897   7.503784
12.027883   6.840446
14.985907   9.190468
19.844940   14.026738
15.588734   9.163229
15.573765   9.743103
9.788647   6.137009
7.932686   4.337548
19.520064   12.061698
14.407077   8.317243
12.975443   8.074438
8.980600   5.462951
8.174658   4.980855
16.839614   10.942897
9.725441   5.541651
19.711532   13.033123
4.850000   2.870401
11.372739   6.720048
12.438747   7.555165
17.075105   10.768401
8.682300   5.558169
15.412489   9.966294
4.695688   3.290796
16.843493   10.017629
19.241242   11.891068
10.749345   5.933626
15.768011   9.136980
8.759139   5.852034
11.160457   6.356186
12.664324   8.565937
9.883374   6.597372
17.264470   10.739074
13.664309   8.075201
16.126554   9.784568
17.603313   11.127860
8.397781   5.075663
7.485596   4.367768
7.697132   5.969414
17.818740   11.737081
6.709238   3.750045
4.408116   2.610361
11.806016   7.077951
17.765938   10.695158
18.437625   11.822036
5.197579   3.391953
12.100490   7.664165
6.243337   3.752813
7.367363   4.988181
17.414333   11.072889
17.372283   11.019481
2.681944   2.098522
15.476649   10.727863
17.840678   11.295702
19.769382   11.737105
10.325879   5.820149
15.740638   9.225078
14.147654   9.788308
14.964408   9.724143
18.311279   12.558533
6.131824   5.013338
12.397826   7.019622
16.755186   11.019879
10.762452   6.089969
10.827701   7.530038
8.221178   4.425813
11.520042   6.312744
10.043821   6.700934
12.911591   7.808821
13.717335   7.796003
8.825802   5.188549
7.128008   4.968290
12.538275   7.276813
8.570520   5.278431
11.822584   8.002272
17.790294   12.618500
4.068143   2.580221
12.969512   8.433301
17.188755   10.498592
4.026416   2.772910
5.358830   3.792461
10.362833   6.776916
10.634683   6.346114
18.262189   11.080844
17.060724   10.539770
4.625506   2.411870
2.244421   1.359762
13.944024   8.033649
13.685249   7.697620
6.048316   3.199980
17.571000   10.602282
15.751182   9.367727
10.152757   5.315677
17.391750   10.530862
11.972058   6.318200
11.790316   7.778637
12.947160   7.918162
16.199379   11.016308
16.156546   7.559663
2.616616   1.409254
18.213127   10.219515
19.483613   12.426780
18.540045   11.706703
9.400239   5.989598
15.170321   9.156142
2.780244   1.109068
8.023824   4.447101
8.986934   5.827196
7.017562   4.186289
12.874848   8.291744
11.070604   6.693178
16.175726   9.909562
8.025834   5.129758
12.533005   8.405086
13.239891   7.331119
2.949738   1.475883
17.669670   10.264462
14.993921   8.777979
14.629853   9.325403
7.269655   4.250355
4.606693   2.733629
2.044972   1.206768
17.528039   10.337173
12.774136   7.617161
12.256090   7.986919
18.349014   11.332979
10.956954   6.386583
14.137885   10.054106
5.811417   3.168522
8.049918   4.446605
7.687448   4.739345
13.584567   7.954402
17.249561   10.970940
9.935428   5.905175
14.835174   9.678327
6.686946   3.893152
11.000127   6.380459
3.619124   1.836194
18.486116   11.167940
7.203703   4.063333
6.095996   3.266826
13.471967   9.325445
7.662768   4.911180
12.947494   9.549467
6.118259   3.232353
12.782775   8.107017
14.011419   8.725460
8.288856   5.072079
7.446859   4.419637
10.710148   6.276770
9.881593   6.324647
13.886661   8.371461
8.484732   4.980586
9.491825   5.559732
14.083007   8.893414
19.757538   11.570201
15.309365   9.050300
10.519377   6.387856
7.800407   4.487178
12.649152   7.596857
15.498475   8.325345
16.143623   11.122147
9.364890   5.379294
17.335158   10.932020
14.111846   8.509199
14.742251   8.435758
15.714742   8.742793
7.048201   3.861472
5.104137   2.882738
4.149533   1.909403
15.628864   9.507115
15.928502   10.794016
9.017847   5.496317
10.319063   6.476177
6.864378   4.276791
15.306530   9.636709
15.916298   10.092005
5.067099   3.237346
6.901041   3.887856
5.348424   3.082112
16.180953   10.182512
4.211767   2.562459
14.870402   9.165742
17.870788   12.635650
18.655171   13.038426
7.053745   3.789625
14.094411   9.537486
4.931793   2.513805
4.537028   1.959769
2.608749   1.612650
16.538460   10.513368
15.371245   9.431711
14.481703   8.127092
18.914195   12.303949
6.496344   4.869185
7.908436   4.161233
18.569851   11.793980
14.028481   8.112852
3.624004   1.901596
7.067478   4.019883
4.473416   2.471980
12.945286   7.321285
10.221307   6.284306
13.118114   7.644079
10.186697   6.038699
16.362879   9.031728
17.353588   10.943988
11.829938   8.051706
3.307835   1.910253
18.536162   12.007833
4.353113   2.054923
12.978852   9.739309
15.001273   8.451440
17.720331   11.199701
6.494267   4.303676
15.376399   9.802213
14.794392   8.546574
7.292977   4.357117
11.953428   6.924401
7.060737   3.880054
6.844505   4.711007
10.347950   6.731709
2.740578   1.406792
9.970790   5.847038
14.770391   10.051156
3.436927   1.754126
18.434098   10.964209
14.611706   8.805084
17.855036   12.575685
10.305016   6.413968
3.727295   2.306557
12.017938   6.820098
4.993307   2.713292
17.081906   11.205667
4.374012   2.766618
11.601429   7.484728
5.388386   3.311442
4.412209   2.421790
2.626707   2.062976
14.306346   8.927971
14.109128   8.516224
16.561226   8.662906
8.171703   4.751509
15.038729   8.842982
7.497563   4.541894
12.923435   7.772113
9.159396   5.916791
12.587140   7.979111
4.751539   2.923290
17.709632   12.415479
14.368206   8.367507
3.503327   2.731586
16.772941   11.439493
2.313027   1.728267
9.506782   6.122381
5.902318   3.265047
2.237835   1.144039
9.802615   5.637335
9.207977   5.338257
12.579158   7.344530
15.278574   8.507821
3.550613   2.048534
9.370078   5.366053
11.068714   7.136511
7.549457   4.089098
7.383789   4.622127
5.413045   3.070117
3.420158   1.986809
18.964504   10.946182
13.455165   8.248174
5.242976   2.807507
12.395774   7.203496
4.785811   2.899200
5.824784   3.592880
12.786219   6.973192
13.554562   8.315570
17.773804   10.963387
4.021815   0.818648
15.561958   9.004654
3.107035   2.046778
9.860556   6.341093
3.202136   1.183071
19.896358   11.793939
12.693506   7.847626
10.867294   6.814011
16.895932   9.896629
8.984904   5.826777
13.460043   1.916731
11.106056   6.982856
14.487734   9.097741
19.241407   11.578439
7.099091   4.723393
17.486417   11.937441
13.132885   4.099078
6.299202   3.305385
6.946194   4.619880
7.795981   4.775256
15.431013   9.916439
18.246273   11.896961
19.530549   11.877952
15.595343   9.958513
3.271401   1.930919
4.965058   3.270249
9.110658   6.291182
2.585207   1.653201
9.209542   4.593169
8.866455   4.952774
18.016679   11.021904
2.543903   1.396892
12.987282   8.055018
10.408500   5.996002
4.230272   2.135925
3.294157   2.486886
2.219045   0.848553
7.778239   5.628615
3.972097   2.411664
8.867132   5.091823
19.723568   12.647209
18.882826   10.608190
2.641736   1.739906
3.003437   1.178243
9.859713   6.844262
19.142052   11.681088
9.596952   5.136399
6.041162   3.689535
7.257131   4.350645
12.701817   6.842221
15.483377   9.779091
7.666735   5.042719
7.362114   4.016066
12.770458   7.468867
13.291554   7.660246
13.353994   8.034649
14.484191   9.249503
10.338167   6.862019
15.377547   9.034446
7.805029   5.665220
8.621703   5.612409
6.030236   3.435292
11.824053   6.148204
9.857827   6.072947
16.907614   11.681941
15.038927   9.339968
8.893426   6.590302
4.563100   2.646620
11.525543   7.484736
9.700961   6.055435
2.271174   0.314984
8.911608   5.573127
18.774494   13.043288
2.149221   -0.279631
4.066479   2.270468
9.357149   5.430344
18.721299   11.824677
12.849823   7.780342
9.147831   5.049841
2.477695   0.496053
6.066276   3.635419
5.163263   2.918736
16.810096   10.652853
17.003669   11.785464
3.349674   1.835268
11.046281   6.481941
10.499788   6.091026
16.733915   11.434467
8.183057   4.805035
18.572545   11.797988
8.019813   3.170026
2.165464   -0.216692
2.920429   0.480913
2.148022   -0.020018
10.800234   5.801655
10.936149   6.187595
9.440885   6.029586
16.098606   10.514646
2.059482   -0.032830
4.354506   2.756291
19.915129   12.256977
18.097999   11.506463
3.982548   2.376344
9.669909   6.757597
2.917852   2.087518
2.211767   0.026792
4.300192   0.512414
2.498968   0.746621
3.916037   0.038452
2.648307   0.129750
15.875358   9.668636
17.786587   10.761467
3.285165   0.344006
2.413010   0.036973
3.761237   0.341301
14.213127   9.761511
16.279319   9.542462
15.566470   9.273792
2.018916   0.043906
15.793885   10.686575
18.577078   11.349499
2.906772   0.333904
9.233563   5.581140
3.130026   1.574881
14.778073   8.970951
17.058278   10.596759
8.872200   4.927728
2.859386   1.669016
16.198966   10.338045
14.874189   8.908885
19.026689   13.076102
17.651956   11.335650
11.718897   7.438538
10.845264   6.721874
2.099177   0.158040
2.166390   1.232564
12.505322   7.252316
11.216338   6.011596
8.518234   4.998212
2.897962   1.384800
17.579691   12.226050
16.803486   9.815400
5.847557   3.542678
9.188816   5.524635
16.411274   8.990616
18.841381   0.386758
16.829039   8.379838
13.626441   6.995803
16.388875   10.528594
4.124410   2.083337
12.650445   7.859622
12.139979   8.157903
15.585422   9.855996
12.638431   6.994253
2.747180   0.634399
3.362876   1.937418
17.103696   12.799611
8.955247   5.080186
15.194200   8.261714
6.565652   4.004621
15.028980   9.335998
2.174339   0.005837
10.453930   6.732727
10.659759   6.236931
8.471583   5.085142
8.292785   5.006845
19.155883   13.480923
17.455699   10.642872
11.647447   6.369940
18.120624   10.732457
2.112808   0.926573
2.194672   1.255407
14.676746   8.963869
16.305472   10.198424
10.056921   5.396282
2.883312   1.692384
16.105391   8.965087
11.364932   6.703779
4.408813   2.259634
8.962172   4.814163
2.986988   1.938063
13.639206   7.958536
13.225344   7.185859
7.766873   4.434014
11.271893   6.839272
16.599032   10.845150
11.569636   6.502324
7.098563   4.108056
2.600106   1.694932
18.097763   12.650266
17.231046   5.351795
11.077986   6.346973
2.952442   1.038338
7.376858   5.224175
17.034563   10.391731
2.707874   1.521941
9.924046   6.239064
5.239748   3.553517
9.459546   5.889490
7.194422   4.054118
18.179681   11.458827
12.774568   8.088858
12.715649   8.523657
5.453967   3.177955
19.445158   11.346363
9.391464   5.725550
10.432488   5.958263
2.554506   1.411166
11.758784   7.129490
8.899348   4.556309
6.225715   3.795135
6.622143   2.624740
4.944775   3.233603
14.920083   10.130510
2.076754   1.311540
4.759339   2.628625
10.018157   6.973832
14.033619   9.055660
2.165028   0.617959
2.968742   2.410851
17.351256   8.231344
2.700974   1.197173
4.378975   2.502933
18.125917   11.271330
13.692844   8.943988
14.777843   8.681056
7.123999   4.292579
4.494679   -0.042303
19.916371   13.186231
18.808368   12.543948
2.819293   1.693570
12.656440   7.562471
18.811001   11.860094
15.949163   10.395922
3.404061   2.245119
11.726405   7.973703
15.619460   10.265128
14.481943   8.531406
8.391646   4.984342
7.636750   5.159643
19.111129   11.868029
14.788781   8.523141
17.309092   11.324592
13.470887   4.104768
12.632092   7.648151
10.022178   6.751513
13.563640   7.440728
12.590878   8.308655
8.667088   5.324470
17.578842   10.706151
10.803148   6.442675
2.702045   0.093305
4.253643   2.672172
17.396249   11.337337
5.290309   3.342978
11.611486   7.350502
8.242435   4.404436
10.327309   6.406051
12.127471   3.960454
18.135491   10.595411
13.692707   3.024627
3.861971   2.709106
9.698771   6.237365
2.893207   0.395040
15.635410   9.146790
6.445411   3.120513
12.431102   6.615797
7.232363   4.616467
11.595628   7.254707
7.149456   5.003819
12.845659   7.639691
13.582910   8.113068
6.925400   0.573334
9.570232   6.986129
6.390785   3.671044
9.981266   6.101458
11.560275   6.795111
17.110796   12.164234
13.599163   8.409181
7.669920   4.326069
3.245642   1.194556
18.860076   11.892671
18.282512   10.838661
15.057950   10.041337
4.673341   2.299702
16.490578   9.922656
3.654094   1.878040
18.874320   11.707789
16.579524   9.450084
14.571026   10.279981
10.059964   6.266732
15.689954   9.808820
19.134728   11.812564
8.028244   5.233762
14.932243   9.358791
19.866864   11.851271
2.984757   1.415340
12.905437   7.320512
8.964366   6.202523
5.190956   1.907680
19.964284   12.334273
9.688384   5.672763
19.606198   11.434254
14.237459   8.686245
2.359885   0.386544
18.898632   12.581164
4.093638   2.660745
12.873926   8.595018
16.952226   10.078155
13.109254   7.318237
15.744415   10.823449
17.881330   13.133617
3.392044   2.298172
17.307919   10.819231
2.357777   1.784307
8.636290   4.291558
2.035125   1.357556
18.297802   11.430582
12.003416   8.603966
9.274097   5.967261
12.576744   7.842185
6.881895   3.693745
15.528520   10.274386
13.006259   7.940187
3.346621   1.710171
9.805095   5.922500
8.109932   4.605352
2.878174   2.361643
9.191408   5.619037
5.498292   4.023604
9.046252   5.447999
16.718655   10.180424
7.826277   4.142190
17.324640   10.354406
17.555452   11.305228
17.163140   4.599161
12.507994   6.961267
6.856129   4.372576
5.300799   2.970884
14.377008   9.976767
19.179785   13.578657
3.724037   1.549776
5.744426   3.090424
14.389636   8.345581
5.322461   3.107729
8.191840   5.210422
12.390003   8.154531
18.809716   10.842715
7.879240   5.268773
6.736977   3.729918
4.681152   2.421540
6.335997   3.220003
15.256526   9.362319
10.400151   6.595326
18.568566   10.591174
3.514244   1.509787
3.959885   2.043680
5.569398   2.828817
11.655129   7.827925
2.587072   1.070738
9.169185   6.372091
12.616416   8.191731
14.948080   9.163378
2.652883   0.947502
19.844071   11.869658
3.628665   2.346946
4.211795   2.226509
6.688209   3.542703
4.939700   2.923404
12.128311   7.431028
10.503778   5.570089
14.237058   8.459089
9.879819   6.483318
19.141815   13.177293
11.254882   7.245337
12.363693   7.136565
2.316504   1.880990
16.005649   11.979774
18.659397   11.980672
19.024941   12.992272
7.575445   5.151989
11.828234   6.636032
6.524487   4.214992
14.364605   9.635307
8.612634   4.683877
10.435016   6.389918
5.265037   0.749070
3.000400   0.983026
9.080972   5.265179
4.293475   2.451744
5.799115   3.262825
11.985131   7.805696
6.602750   4.113193
18.911534   12.355913
8.939901   5.131589
16.419776   9.216219
15.293593   10.420775
6.319617   3.410172
10.667306   6.097662
3.654142   1.982265
2.051273   0.399995
12.772866   7.603888
12.595381   7.644327
7.423743   3.592523
11.817965   7.948242
4.465920   2.384008
8.802162   4.555505
3.422510   2.027403
11.418345   7.239547
16.849714   11.634826
9.490574   5.480245
13.867829   9.301044
6.840945   4.057784
12.323911   8.273953
5.531293   3.759052
2.114735   1.039790
6.745385   5.027416
4.203298   2.575227
10.341997   6.009325
8.490490   4.913955
12.594107   7.700295
2.280826   1.308370
7.541883   4.344414
2.938830   1.921321
6.301788   3.197204
17.444591   12.075972
3.582469   1.938957
19.158166   6.687448
5.459199   3.447637
4.367565   1.939567
19.407711   13.953482
11.780255   6.345047
2.555477   0.856454
7.611451   5.509754
19.722138   12.575189
16.550120   10.862323
13.634230   9.553000
11.474714   6.359696
17.353285   11.887954
9.403064   6.208573
6.945128   4.245087
10.069952   5.486297
9.707052   5.793362
3.319234   1.822875
11.894876   7.741242
18.593855   11.962482
3.761444   2.305688
7.290086   3.554849
14.681401   9.821538
7.623254   4.477296
8.007487   4.480307
7.959907   5.247074
6.872939   4.349628
5.797544   3.967492
3.048049   2.165729
9.344368   5.227639
14.559715   9.232844
10.343425   5.951443
15.363441   8.724619
10.233116   6.414159
8.555838   5.065251
16.217956   10.074219
4.384534   2.599235
3.269228   1.918813
6.027260   3.239672
2.700842   0.693239
6.932323   4.591354
16.475781   10.741157
11.693209   7.138182
9.884744   6.523411
3.969335   3.357369
5.981350   3.452514
12.224402   8.077113
9.379414   5.064602
14.459239   8.765879
9.031168   5.600260
13.337393   9.235748
2.562825   0.114024
18.441424   11.759105
9.984279   6.182058
16.165383   10.154312
8.662686   5.318087
14.534087   9.967921
17.466026   11.027657
9.837539   6.492299
2.606739   1.183361
8.172130   5.945896
9.518108   6.122710
2.184186   0.659461
19.534894   11.565831
16.925575   10.902054
4.084308   3.013345
13.894578   8.631525
6.504971   3.705422
11.351546   5.951233
7.235212   3.614126
9.277360   5.566173
8.050753   4.457086
2.452139   1.743599
8.378139   5.051220
7.513436   4.489742
2.332164   1.067024
7.286546   4.207408
3.907915   1.655258
15.756229   9.527493
6.901318   4.280726
10.161102   5.806644
12.088388   7.639828
18.472438   12.358631
17.259488   9.760211
17.807278   11.884578
11.893747   7.402806
9.611592   5.762832
12.496864   7.176542
5.087967   3.617355
18.812159   11.778962
8.388626   5.464619
8.015445   4.026731
14.196447   8.751839
4.349972   2.274738
13.925183   9.458683
8.641938   5.492452
19.785447   11.959974
5.222176   2.660612
8.876423   5.805347
3.462370   2.304832
15.872253   10.339490
13.305240   7.830035
16.337481   10.314727
5.764987   3.557552
18.309324   11.678254
12.151055   6.009319
10.026224   6.173642
15.138907   9.352571
16.834871   9.919824
12.751290   7.501311
9.089384   5.768978
4.705876   2.728858
8.587152   4.882594
19.766299   12.186944
3.518842   2.052259
10.775843   6.863452
16.176918   10.823135
4.583077   2.404586
10.761896   6.214181
18.883780   13.130852
14.441087   9.545468
6.680493   4.375979
17.500279   11.452112
9.664947   5.178987
14.849081   9.208270
7.748463   5.082314
17.955425   11.825108
18.576218   11.570609
14.886815   8.962549
13.284413   8.547010
17.945873   10.771849
9.189558   5.709937
13.484739   8.648278
2.343073   1.303646
8.233899   4.459909
18.135177   12.426210
11.919346   7.034152
9.877300   6.067579
19.991424   13.865597
16.295117   9.690351
18.091375   11.757987
12.467775   7.523192
12.710058   8.658707
7.505606   4.509536
15.959260   11.002698
10.726510   6.614834
12.672196   7.741110
8.792994   5.121130
16.679654   10.938093
3.183915   1.835522
13.994895   8.317413
11.531519   6.974974
8.079420   5.083214
18.395449   12.598919
11.355092   6.186996
16.158812   9.498329
2.719692   1.368565
7.598156   3.411737
12.553316   7.926069
14.138608   10.838445
17.993107   11.014803
6.293780   4.171123
16.097778   10.161972
17.982100   11.591739
7.028376   3.793609
5.624583   3.128102
7.406495   4.221700
2.770677   1.392973
16.578557   10.500335
4.789828   2.820201
12.287336   8.407631
14.545350   8.578935
17.098422   10.228790
2.741098   1.981453
10.613720   7.051161
4.702272   2.042113
3.813067   2.271128
12.597020   8.265909
17.857727   9.767988
11.636256   7.070290
6.439601   3.603054
10.314667   6.678990
3.102060   1.997549
11.378096   8.057618
16.159033   10.059593
9.050477   4.804187
4.023928   2.868637
11.099989   6.743909
9.068883   5.659204
7.911427   3.962253
12.028953   7.535609
8.453444   5.198509
2.600260   0.877687
3.697074   1.250586
17.720522   10.872945
9.180254   5.418549
15.236406   9.777951
9.897595   7.063420
6.638669   4.571190
10.851218   7.665863
9.705037   6.103063
16.564808   10.382930
14.615065   8.941500
11.998216   6.607193
19.075797   11.489857
12.476805   6.793474
8.385223   4.363053
6.673411   3.914470
16.398790   10.238493
18.356677   7.547203
7.705446   3.659132
16.048889   8.714721
7.928940   5.264943
2.831003   2.571448
15.052128   8.905482
13.503387   8.881883
11.281912   5.196350
10.414666   6.888576
10.310090   6.412604
12.554675   7.646568
18.911741   11.700039
10.341803   6.266637
4.859026   2.675753
4.974281   2.938596
17.009656   10.186182
6.824670   4.878870
16.481575   11.897530
5.175871   3.024096
10.537409   6.033873
10.561196   7.009885
3.609820   1.996217
2.918358   0.976877
8.455838   5.053905
12.938540   7.931548
4.649093   2.728106
11.829882   2.615450
5.690895   3.157793
9.841548   6.547445
13.012100   8.167636
2.416922   0.435477
13.344993   7.315676
9.376516   5.753667
3.820593   2.494435
14.199635   8.962439
9.463520   5.570510
11.675442   6.559907
6.099505   3.061761
14.512254   9.211875
6.835956   4.304015
17.218774   10.241903
12.538203   7.350872
7.905703   4.747035
3.831551   2.330803
4.158179   2.220298
19.534973   12.940267
3.994689   0.994077
2.482529   2.099853
17.945562   13.916832
7.425640   4.100288
5.250418   0.242085
14.012213   7.781739
12.362048   7.589144
4.692038   2.754287
15.710979   11.064108
11.315849   7.301385
6.859182   3.923820
10.486545   6.327631
8.786064   5.384309
2.425624   1.687246
15.587952   11.028682
9.495019   5.526176
6.138110   3.222574
17.475757   6.247356
13.051561   7.676509
19.172229   13.480985
15.846137   9.554037
9.702641   5.076413
17.582612   11.636369
12.064985   8.361288
12.603395   7.741845
11.546332   7.422968
19.612970   12.490083
11.164489   6.910246
9.884950   5.769109
11.684092   6.239526
18.024970   11.108429
7.606798   4.785047
4.928186   2.836592
14.305716   7.750981
7.160846   4.305214
4.263257   2.339669
13.345037   9.482616
6.691470   3.340732
6.454966   3.784995
6.811117   4.057718
2.293791   1.381053
7.432827   3.801818
9.245628   5.480565
10.976773   7.769314
15.393928   9.258922
6.711996   3.024845
7.081225   3.283552
6.376334   4.054777
8.762766   5.347615
8.177449   4.537608
7.784148   5.112439
18.572660   11.401186
3.478828   1.936982
9.206024   5.550004
2.296062   0.154733
11.169830   6.579439
8.190263   5.286483
10.048479   6.041340
10.012260   6.372835
17.645280   11.034641
2.732964   1.349072
8.116525   4.041604
19.100826   12.413827
2.512209   1.739459
19.787049   12.356494
9.724992   5.812890
19.572453   12.033565
10.557912   6.405011
5.887883   3.024852
18.306583   12.954207
11.251104   7.387271
9.402273   6.149867
14.923428   9.090698
15.782884   8.648826
14.626907   9.132277
3.155159   1.721167
13.521944   9.159023
7.671420   4.862224
14.751946   6.241944
3.431442   0.972474
3.093068   1.997204
6.553964   4.505744
17.193637   10.453377
12.658769   7.906481
11.016344   7.160049
3.766695   2.219397
16.251255   10.236370
15.369987   9.677672
2.016505   0.362069
13.595263   8.745719
7.536239   4.913008
11.737746   6.955688
8.514736   5.598304
13.608889   7.991387
10.686172   6.857638
15.204354   10.511816
12.328381   7.451882
9.972810   5.839202
5.539245   3.627615
14.662980   8.357283
6.679994   4.055819
7.666351   4.906083
17.468278   11.059531
4.880407   2.581272
3.575461   2.412052
19.797539   12.142305
8.867097   5.671449
16.829472   11.505218
5.880499   3.193313
14.045672   8.386015
4.192148   2.312382
11.089080   6.593776
14.667612   9.209882
3.338133   2.052211
3.741273   2.554014
5.873219   3.844803
11.431208   6.304705
4.106348   2.242939
18.921087   12.139898
17.164895   9.822391
14.572137   9.385240
15.980275   9.831154
13.915831   9.139483
2.306324   0.486795
12.726188   8.274422
5.826434   4.030748
7.151858   4.842378
3.516640   2.048909
4.945160   2.728510
17.253899   11.932058
15.266535   11.097063
6.206670   3.290743
6.256654   3.842835
18.304911   11.647236
8.948063   5.795534
16.597133   10.964176
19.772813   11.860396
3.930827   2.300846
11.289833   8.613676
12.327907   7.430633
14.543143   5.647277
4.472978   2.392601
19.444405   12.660435
8.511810   5.088468
11.662190   7.818770
7.306366   4.019888
13.757184   7.492350
2.368155   0.920301
7.374149   4.373939
12.381343   7.832432
3.938973   1.948684
11.000227   5.887921
14.544372   9.200529
13.869934   8.706048
13.230293   8.134140
17.529840   11.600487
9.399200   5.595810
4.973448   3.062939
2.106665   1.019806
8.644226   6.089980
17.032806   10.288060
19.281777   4.524427
12.023309   7.249098
3.899659   2.082729
10.670254   7.766611
6.391786   3.939208
7.818167   4.662885
16.056317   9.677591
9.854550   6.761160
16.160727   9.490438
15.457017   8.425768
8.636506   4.861350
4.491431   0.672613
16.408536   0.447920
12.731630   7.041682
10.866753   6.754508
16.705019   9.654656
16.966311   10.334208
7.098132   3.885861
5.262310   3.373632
10.826613   6.756880
6.127985   3.919545
14.493004   9.223047
14.142897   9.124970
9.275971   5.467961
2.108908   1.817428
3.632844   0.541114
15.807947   9.633312
10.942723   5.855701
4.191478   0.502497
9.095872   3.883262
14.045820   8.003166
11.017099   7.419830
4.651181   2.526112
4.609529   2.242310
12.100113   7.199681
12.851500   7.295520
16.689956   10.057726
12.167135   8.099351
19.569104   11.459473
13.709799   9.388690
16.682134   10.941705
6.495617   4.041356
3.589806   1.787270
14.109420   8.023172
7.798011   4.606014
6.372831   3.526386
7.710459   4.968627
8.279527   5.814947
2.633899   0.327908
