-0.123539
-0.035415
0.150512
0.730207
0.791910
-0.562905
0.219484
0.096617
-0.175831
0.627513
-0.525319
0.404050
0.751600
-0.279738
-0.512717
0.793430
-0.790799
-0.458901
0.818825
-0.821251
-0.112615
-0.476717
-0.318386
0.843459
-0.825727
0.336934
0.531863
0.741685
0.721986
-0.263346
-0.270551
0.246383
0.808667
0.276585
-0.369374
0.837575
0.164973
0.297816
0.394760
-0.117150
-0.603957
0.257971
0.045643
0.458120
-0.445011
0.505111
0.619515
0.752000
0.502161
0.697581
0.541183
-0.026007
0.789042
-0.835008
0.220826
-0.875131
0.363253
0.817152
0.570205
0.643363
0.349633
0.577465
0.454421
0.407847
0.050253
-0.448717
0.572502
0.838453
-0.155841
0.409710
0.368554
0.694588
-0.186317
-0.329399
-0.528267
0.252459
0.338236
0.749304
-0.198572
-0.238634
0.386356
0.692020
0.465215
0.849883
0.149126
0.691102
0.791961
-0.850089
-0.674723
-0.819998
-0.818302
-0.168800
-0.708347
-0.712256
0.383382
0.733682
-0.863683
0.645692
-0.607824
-0.787160
-0.877746
0.152347
0.284252
-0.794239
0.533497
-0.650265
0.808888
-0.313633
0.658795
0.660699
0.797278
-0.071600
0.324977
0.517964
-0.890384
0.403954
0.306597
-0.575282
0.174283
0.505928
-0.522358
-0.458271
0.511469
-0.294456
0.121596
0.439068
0.552474
0.381633
-0.034142
-0.526455
0.688982
0.562754
-0.653469
0.535833
0.436998
0.623445
-0.321898
-0.847519
-0.804607
-0.486016
0.189411
0.281866
0.378605
-0.280071
-0.762480
0.003252
0.666206
0.370998
0.248434
-0.854527
0.716907
0.068215
0.478300
0.739510
-0.329532
0.296951
0.544418
-0.007987
-0.603577
0.811405
-0.253374
0.512861
0.498078
-0.546616
-0.808635
0.732403
-0.174050
-0.124062
0.484562
0.396971
-0.090449
-0.001416
0.658383
-0.401302
-0.808929
0.442366
0.658430
-0.544203
0.674674
0.458816
-0.010276
0.600495
-0.417058
-0.247634
0.767324
0.583701
0.696643
0.489682
-0.727267
0.060112
0.511112
0.015374
0.807495
-0.713631
0.579958
-0.144522
-0.624814
-0.259520
0.804199
-0.500737
-0.503678
-0.580601
-0.872247
0.645362
0.515632
0.385274
-0.721725
0.467523
-0.624808
-0.542682
-0.468088
0.255651
0.670612
-0.527349
0.700403
0.811914
0.807675
0.022049
-0.069532
0.340189
-0.636457
0.735750
0.603509
0.335958
0.095967
0.434162
-0.659565
0.170245
0.644780
0.566896
-0.609694
0.319440
0.402037
-0.206659
0.733599
0.686568
0.588624
0.636200
-0.046188
0.283245
0.844083
0.762585
0.448346
-0.329899
-0.853510
-0.892279
0.611880
0.434525
0.392117
-0.780725
-0.162045
0.431917
0.709085
-0.244533
0.494226
0.379001
-0.126086
0.743172
0.759129
0.614912
-0.776341
0.091114
0.216856
-0.832332
-0.699963
-0.502967
-0.036946
0.545437
0.334187
-0.275534
-0.097530
0.842889
0.456154
0.683125
0.248785
0.344283
0.537585
0.706804
-0.686780
0.547667
0.247588
-0.344459
0.408589
-0.228304
-0.310840
-0.506074
-0.091249
0.212026
-0.800326
-0.157883
-0.655625
-0.743940
-0.438182
0.694490
-0.554107
0.382407
-0.810197
0.627964
-0.865667
0.038837
-0.704120
-0.078435
0.841102
0.354709
0.426585
0.363712
-0.491671
0.411034
0.434257
0.796997
0.141428
-0.773800
-0.041650
-0.145681
0.576446
-0.237977
-0.568907
0.706201
0.667836
0.513207
-0.201108
0.247752
0.638450
-0.313628
0.658051
0.466248
-0.091482
0.426586
-0.257997
0.439629
0.371603
-0.388401
0.292546
0.115425
0.713695
0.110070
0.603307
-0.845456
-0.839434
0.726965
-0.769720
0.389751
0.833359
-0.555425
0.586147
0.418904
0.645655
-0.892034
-0.255050
0.384250
0.165260
-0.863687
0.362529
0.827325
0.743956
0.551275
0.123720
0.149668
0.789922
0.743696
-0.025736
0.084155
0.503100
-0.070135
0.126142
-0.755356
-0.468782
0.782319
0.631980
-0.840503
0.835118
-0.767293
-0.878698
0.257820
-0.434438
-0.764904
0.502192
-0.185277
0.208418
-0.861400
0.350187
-0.032148
0.353128
0.575729
0.784741
0.734486
0.315202
0.762918
-0.020197
-0.158470
0.785898
-0.403582
-0.752232
-0.007452
0.180061
0.586863
0.772744
0.212967
-0.572543
-0.688844
-0.106075
0.785003
0.550138
-0.200974
0.409467
-0.112379
-0.639189
0.549345
0.785962
0.714426
-0.263375
-0.128844
0.419417
0.788030
-0.319848
0.748596
-0.762234
0.138043
0.686573
0.798874
0.087035
0.103134
0.255921
0.193603
-0.761177
0.820803
-0.308996
0.466105
-0.215697
0.764631
0.633041
-0.663545
0.201612
-0.541978
-0.515065
0.556509
-0.033097
0.306347
0.377578
0.055141
0.488375
0.560889
0.515843
0.363694
-0.193402
-0.842305
0.022734
0.769820
0.394135
-0.858925
-0.813938
-0.572803
-0.699898
-0.077571
0.017563
0.198549
-0.192307
0.473073
-0.542174
0.624999
0.805022
0.008991
0.455383
0.542718
-0.434802
-0.335618
0.719587
-0.139251
0.808705
0.243589
0.734681
0.233095
0.280962
0.215190
0.828691
0.133712
-0.547165
0.733483
-0.522992
0.521219
0.736657
0.207782
0.825684
-0.322567
0.362758
-0.680155
0.820279
0.733010
-0.021817
-0.721632
0.677027
0.802918
-0.130473
-0.522010
-0.826020
0.742473
0.014647
-0.633267
-0.852191
-0.272013
-0.345483
0.636556
0.766439
-0.600495
-0.748135
-0.300024
0.354550
-0.887899
0.270509
-0.021439
-0.386536
0.845298
0.010084
0.220401
0.411723
0.631984
-0.099571
0.395525
0.846064
-0.019877
0.404844
-0.894542
0.652361
0.075169
0.751315
-0.203274
-0.603778
0.558750
-0.824722
-0.635901
0.374431
0.308596
-0.419885
0.183278
0.103296
0.112099
0.776291
0.677042
0.232801
0.632319
-0.306547
0.386645
0.519467
0.660169
0.084962
0.274918
0.646172
0.593430
-0.426148
-0.705371
-0.410834
-0.062078
0.292904
-0.001424
0.579390
0.656874
0.620959
-0.480403
0.511123
0.688380
-0.359153
-0.892038
0.268054
0.305773
0.264051
0.476616
-0.596361
-0.161961
0.480407
0.192265
0.332220
0.684821
0.700714
-0.041487
0.825146
0.230506
0.560286
-0.205073
-0.111355
-0.160522
-0.800890
0.677878
-0.812763
0.647323
-0.658373
-0.086819
0.048155
-0.066255
0.559056
-0.844004
-0.672960
-0.075269
0.235837
-0.256830
-0.250629
0.494979
-0.411322
0.558446
0.410506
0.343260
0.581511
0.663755
0.599680
0.671681
-0.811105
0.781732
0.672820
-0.298901
-0.643178
-0.283822
0.038020
-0.256130
-0.025365
-0.635033
0.276966
0.342738
0.437088
0.728127
0.312466
0.378601
0.825663
0.201451
0.742275
-0.843940
-0.605516
-0.739305
0.211512
0.571237
0.567264
-0.028124
0.721645
0.782045
-0.024151
0.380033
-0.262919
0.797471
0.534136
-0.798755
0.012577
0.687052
0.448172
0.682125
0.249716
0.578374
0.579448
0.820100
-0.776306
0.696425
0.200286
0.538889
0.733311
-0.510943
0.387396
0.391214
0.463371
-0.704944
0.534099
0.665535
-0.781056
0.487683
-0.721377
-0.819388
0.848815
0.138016
0.381254
-0.126339
0.802921
0.067148
-0.303120
-0.468511
0.226102
0.287553
0.783262
0.337292
-0.278878
-0.285056
-0.158563
0.575742
-0.081195
0.448807
-0.553031
0.233824
-0.782725
-0.851957
0.097307
-0.771874
0.137949
0.769306
-0.679274
0.693832
0.529954
0.403116
0.750727
0.807880
-0.770764
0.323043
0.004896
0.581026
0.221552
0.506434
0.079510
-0.720918
-0.676233
0.827114
0.367074
0.679719
-0.630977
-0.487993
0.559589
-0.022889
0.302897
0.210352
0.671235
-0.170724
0.071125
-0.545060
0.504859
-0.233402
-0.475030
0.684379
0.729506
-0.370080
0.021132
0.785439
0.766169
0.044690
-0.515134
-0.806387
-0.842122
0.640130
0.604149
0.649902
0.156159
0.368150
0.784399
0.824937
-0.328600
-0.214146
-0.620693
0.729583
0.521305
-0.044131
0.153324
0.822515
0.292890
0.144058
-0.524790
-0.586694
0.511530
0.384810
0.289558
0.169034
0.036514
0.780387
-0.039622
-0.684221
-0.047104
0.064491
0.412612
0.083740
0.695133
0.140258
0.451949
0.792619
0.681577
0.803905
0.841011
0.354497
0.027764
0.417409
0.147973
-0.170578
-0.517236
0.613463
0.290115
0.232904
0.289610
0.755421
-0.081395
-0.550276
-0.185264
0.673675
-0.894284
0.427995
0.690324
0.406383
-0.192189
-0.848462
0.823137
0.478216
-0.596010
0.792286
-0.811283
0.532319
-0.754355
0.781892
0.186611
0.461984
0.849255
-0.152555
0.394730
0.608446
-0.389302
0.604026
0.769059
-0.208407
0.463736
-0.426399
-0.791653
0.438645
0.133037
0.472082
0.271823
-0.430312
0.369532
0.761388
0.176780
0.812250
0.456007
-0.520647
0.360521
0.415983
0.291191
0.409910
-0.550471
0.839717
-0.067509
0.774134
0.609544
0.575615
-0.603311
0.102591
0.379497
0.677811
0.812380
0.043390
-0.686299
-0.056404
-0.376160
0.040566
0.542498
0.163096
0.564375
-0.815584
-0.779040
0.543075
0.742330
0.786886
-0.813529
-0.849398
-0.856623
-0.523918
0.344201
-0.515049
0.261266
-0.699196
0.386765
0.000445
0.286089
0.472646
0.219140
0.452424
-0.403578
0.095478
0.237512
0.316244
-0.602737
-0.486051
0.127266
-0.620909
0.612007
-0.652693
-0.623016
0.820621
0.569116
0.660752
-0.810857
-0.876365
-0.049088
0.349257
0.422208
-0.253011
0.555721
-0.451386
0.575998
0.785728
0.370785
0.327768
-0.677646
-0.654993
-0.324953
-0.185040
0.835023
0.381012
-0.241602
-0.846276
0.158280
-0.071629
0.237651
-0.126460
0.737282
-0.431754
0.366153
0.761066
0.430383
-0.045284
0.712448
-0.373439
0.317418
0.557567
-0.095925
-0.382745
0.020698
-0.647067
0.537907
-0.829773
0.841747
0.169547
0.514897
-0.569141
0.719120
-0.420071
-0.185069
0.640574
0.379295
0.000895
0.689425
0.789640
0.751558
0.462570
-0.658968
0.812320
-0.799466
0.849525
-0.210076
-0.582993
-0.393171
0.408506
0.035470
0.632246
0.802552
0.719687
0.757565
-0.751731
0.187908
-0.473267
0.734436
-0.732560
0.623044
0.585609
-0.473590
-0.359140
-0.890605
-0.000867
-0.746372
-0.564837
-0.327912
0.006343
0.395836
0.846780
0.002065
-0.128356
0.538941
0.743682
-0.828949
0.071327
-0.790764
-0.435274
0.835852
0.267839
0.714774
-0.310471
-0.394084
0.046722
-0.868990
-0.718176
-0.867623
0.347781
-0.413203
0.175662
-0.711017
0.435167
0.236641
-0.806361
0.348645
-0.796600
-0.113425
-0.227917
0.011466
0.067066
0.834877
0.786813
0.648093
0.596872
-0.142206
-0.020967
-0.753852
0.697039
-0.719245
-0.667393
0.008344
0.347170
-0.769257
0.447144
0.832579
0.514353
-0.272524
0.187628
0.411933
-0.253738
0.050553
-0.218602
-0.125132
0.441504
-0.468217
0.007700
-0.008570
0.347390
-0.477808
-0.158856
0.357738
-0.846425
-0.810386
-0.502932
0.590082
0.340067
-0.141539
0.229528
0.699584
-0.163976
-0.809333
-0.404753
0.551340
0.507522
-0.493420
-0.217819
0.827100
0.135601
0.189852
0.557193
0.462134
0.409687
0.663302
0.517476
0.606014
-0.896490
-0.696783
-0.581170
0.842083
-0.737452
-0.816307
0.010219
-0.247721
0.224679
0.724894
0.529183
0.779507
0.708038
0.429879
0.161511
0.411573
-0.598591
0.269523
-0.112052
-0.368926
-0.500652
0.473466
0.126757
-0.187575
0.254120
0.025439
-0.037713
-0.507689
-0.647058
0.489409
-0.521543
0.409750
0.302495
-0.431308
0.620098
0.290003
0.053405
-0.800490
0.728924
0.252303
0.741450
0.823643
-0.738567
-0.413333
0.529595
0.842946
0.328385
0.583945
0.514254
0.494361
0.066114
0.694811
-0.045954
0.768070
-0.591676
-0.787014
-0.480749
-0.854796
0.446825
0.221459
-0.162408
-0.845871
-0.819112
0.739524
0.680287
0.811493
-0.297392
-0.151433
0.606735
0.014941
-0.048434
-0.581568
0.599427
0.263730
-0.858625
-0.027258
-0.148202
0.171117
-0.631990
-0.864627
0.608724
0.829264
0.594609
0.349937
-0.420563
0.542410
0.648512
0.147583
0.749356
-0.533440
0.726975
-0.440359
-0.236151
-0.376440
0.509645
-0.205121
0.783360
0.341729
0.608322
-0.499217
0.406981
0.768821
0.732974
0.673504
0.419092
-0.387120
0.690110
0.725283
0.448803
0.754434
-0.178909
0.742294
0.817146
0.800162
0.161292
-0.894207
-0.645798
-0.334611
-0.097166
-0.055770
-0.502802
-0.805164
0.663399
0.660607
-0.361060
-0.135594
0.640947
-0.629542
0.829300
-0.633865
0.176234
0.645507
-0.750708
-0.640816
-0.721861
0.187471
0.110546
-0.422908
-0.785027
0.817595
0.665046
0.536412
-0.511384
-0.855200
-0.590190
0.239914
-0.143589
0.388666
0.608510
0.571372
0.533437
-0.775800
0.711002
0.807719
0.548174
0.540496
-0.714077
-0.620695
0.210868
0.212338
0.171977
0.713750
0.552590
-0.405791
-0.114372
0.832977
0.204322
-0.313148
-0.358636
-0.474566
0.524439
-0.326247
0.757603
-0.092155
0.777529
0.358512
-0.098253
-0.442688
0.251325
-0.126016
-0.142722
0.682716
0.285870
-0.617044
-0.660090
-0.293788
0.133397
0.122265
0.696723
-0.839769
0.838136
0.102952
-0.021238
0.567282
0.806400
0.179475
-0.482884
0.378744
-0.634509
0.357202
-0.132441
-0.445124
-0.556488
-0.845709
0.187700
-0.561053
-0.829911
0.487929
-0.823640
0.024689
0.824421
0.356967
-0.892540
0.743206
-0.652549
-0.303286
0.808659
0.064023
0.420623
0.336095
0.786500
0.375200
0.334693
0.748031
0.151322
0.634451
-0.672075
-0.079371
0.006332
0.526464
0.303737
0.454061
-0.167223
0.249158
-0.521880
0.459823
-0.286952
-0.308409
-0.197965
0.552150
0.846944
-0.830714
-0.374060
0.750299
0.400105
-0.225838
-0.175787
-0.031848
0.746512
-0.689619
-0.068097
0.213773
0.218163
-0.723135
-0.706807
0.484171
-0.340901
0.681024
0.178423
-0.616988
0.486867
0.704774
0.037927
-0.863441
0.016460
-0.495509
-0.850254
0.136915
0.691664
-0.767844
-0.550138
-0.535670
0.446680
-0.768312
0.391316
0.755398
0.078203
-0.840829
-0.636292
0.378655
0.220482
-0.676862
-0.538130
0.838607
0.294756
0.118590
0.045963
-0.753722
-0.150017
0.395427
-0.795825
0.558648
0.359131
-0.688354
-0.059069
-0.236762
-0.844533
-0.315658
0.012383
-0.805824
-0.064139
-0.332922
0.701321
0.582751
-0.061575
-0.545841
-0.454402
-0.004113
-0.133121
0.367780
0.457208
0.544871
-0.817231
-0.086617
0.804708
0.834569
-0.147885
-0.665103
0.176434
0.711366
-0.727686
0.045412
0.770557
0.823358
0.314250
0.799448
0.252719
0.253140
0.780714
-0.379376
0.456383
0.675924
0.737075
0.680780
0.372745
0.480391
0.395603
0.457518
0.040431
0.493624
-0.767611
0.162464
0.540575
0.114234
-0.675377
-0.451884
-0.379066
-0.146020
-0.078839
0.780651
0.502529
-0.740708
-0.779649
0.822312
0.590114
-0.413783
0.664140
0.691153
0.473990
-0.709900
-0.599548
-0.048245
0.523204
-0.275478
-0.843055
-0.357066
0.003762
0.661659
-0.623533
0.463815
0.141908
0.558461
0.756179
0.489872
0.170110
-0.641282
-0.056009
0.714505
-0.653772
0.077662
0.580086
0.689988
-0.305647
0.808603
-0.039380
0.765309
-0.486930
-0.024520
-0.455119
0.502264
-0.224543
-0.372255
-0.538840
0.520258
0.250478
-0.339633
0.419541
0.294517
-0.550912
-0.809037
-0.694476
0.802659
0.360760
0.057592
-0.555097
0.675422
0.014871
0.620540
-0.768419
0.809326
-0.114646
-0.533202
0.354863
-0.314692
0.695902
0.625352
-0.889123
0.085522
0.337794
0.547161
-0.395621
0.726301
-0.133867
-0.106031
0.726945
0.708721
0.669950
-0.723599
-0.871748
-0.812289
-0.107998
-0.220872
0.182376
0.149587
0.307594
0.832773
0.189084
0.733075
0.749927
-0.502986
-0.384222
-0.139810
0.274933
0.234949
-0.635734
0.669281
0.284911
0.156559
-0.127971
0.645529
-0.481807
0.031700
-0.122653
0.135971
0.461183
0.223531
-0.119888
-0.080840
0.252335
-0.019249
-0.782670
-0.444977
0.500299
-0.288239
0.730176
0.486863
-0.051313
0.844795
0.689481
-0.365163
0.618509
0.809885
0.700712
-0.552050
0.674628
-0.059300
0.103709
0.728206
0.706504
0.665292
-0.458856
-0.767930
0.373233
-0.387605
0.684273
0.578128
-0.405067
-0.876629
-0.181122
0.689783
0.480618
-0.626828
-0.049840
0.223582
0.522828
-0.369684
-0.238007
0.727112
0.572341
0.299747
0.591932
-0.237681
0.820779
0.398167
0.571700
-0.297097
-0.665921
-0.385734
0.262690
-0.472155
0.687912
-0.099350
-0.833251
0.630833
-0.787183
0.245367
-0.067377
-0.878725
-0.335079
0.503142
0.602698
0.837531
0.223891
0.796056
-0.028320
-0.373346
-0.129108
0.728078
0.162878
-0.338288
0.247394
-0.572272
0.008613
-0.731276
-0.552454
0.408186
-0.656006
0.832090
-0.544540
-0.758512
0.617815
0.383574
-0.785452
0.449528
-0.280094
-0.344160
-0.623813
-0.663382
0.021491
-0.146191
0.507591
-0.411274
0.815220
0.687597
0.133160
0.341436
0.528818
0.833126
-0.382268
0.701164
-0.844206
0.179355
0.404220
-0.038557
0.522466
0.634288
0.302241
0.591160
0.121390
0.674060
-0.867063
0.036011
0.159460
-0.046474
-0.432661
-0.869882
0.431726
-0.168536
0.589081
-0.378955
0.404555
-0.844794
-0.277030
0.806088
-0.198446
-0.836157
0.132114
-0.571734
0.345575
0.762580
0.703854
-0.465076
0.434519
0.697470
-0.601632
-0.604583
0.824946
-0.519399
0.626993
-0.310264
0.036080
-0.256702
0.250526
0.411915
0.320030
0.702791
0.163336
0.270796
0.070000
0.722613
0.336108
0.788439
0.622933
-0.291282
0.644008
-0.487974
-0.000738
0.563877
0.106578
0.394865
-0.525849
0.224548
0.646646
0.783619
0.805216
-0.761079
-0.643597
0.534563
-0.015583
-0.058839
-0.610828
-0.757474
0.429196
-0.469340
0.750737
-0.068504
0.531234
-0.853765
0.746212
-0.309582
0.545644
-0.380848
-0.389316
-0.483841
-0.727475
0.842133
0.399526
-0.032709
0.245640
0.652049
-0.402906
-0.665401
-0.794424
-0.863576
-0.517244
0.819012
0.801585
0.136134
0.368333
0.733199
0.757336
-0.275375
-0.701997
0.636296
-0.888783
-0.031049
0.619626
0.561486
0.688694
0.529551
0.693894
0.576146
0.561584
-0.727220
0.455953
0.799071
0.595679
-0.076667
-0.024898
0.086965
0.523762
-0.484106
0.649816
0.773861
0.067526
0.121150
-0.582296
0.696436
0.523503
-0.647276
0.212395
0.326694
-0.594706
-0.234665
0.781621
0.753787
0.271698
-0.544102
-0.568594
0.481778
0.727449
0.319103
0.413647
0.779363
-0.436751
-0.119478
-0.493759
0.598396
0.740553
0.292038
0.388589
0.301190
-0.215120
-0.457246
0.460189
0.008397
-0.320441
-0.296650
-0.128764
0.356276
0.543167
0.036259
0.777433
-0.198023
0.320748
-0.489287
-0.473520
0.766117
-0.843734
-0.039199
0.687750
-0.253094
-0.815672
-0.186629
-0.144471
0.771695
0.504072
-0.498516
0.656344
-0.502472
0.603508
0.505075
-0.611938
0.243124
-0.192758
-0.405839
0.281917
-0.199312
-0.546493
0.473405
0.686369
-0.788210
0.370976
0.034155
0.747431
-0.260213
0.538853
-0.435865
-0.571825
-0.345713
0.412953
-0.007511
-0.679840
-0.290458
0.225701
-0.362227
0.352605
0.781850
0.240712
-0.600113
0.336828
0.415555
-0.898997
0.708970
-0.651209
0.838605
-0.293563
0.736090
0.480067
0.704703
0.153374
0.646476
-0.359331
0.779199
-0.859086
0.804072
0.735570
0.818234
0.411227
-0.645955
0.828588
-0.886653
0.184023
-0.496066
0.687901
0.576123
0.396452
0.422198
-0.182304
0.447530
0.635726
-0.764396
0.608928
-0.112581
0.119204
-0.153796
0.583794
0.562395
0.247979
0.017546
-0.351133
-0.698268
0.468185
-0.286892
0.789185
-0.618205
0.274274
0.666916
0.787335
-0.157316
0.303859
-0.450208
0.675032
0.552818
0.112885
-0.048491
0.607002
0.387988
0.826167
0.361108
-0.516084
0.348694
0.717871
-0.265799
0.082582
0.813380
0.789651
0.563524
-0.814055
-0.799215
-0.740070
0.075342
-0.439889
0.521040
-0.673679
0.726028
0.411037
0.792704
-0.700808
-0.197894
0.479360
-0.295365
-0.841543
0.091950
0.592098
-0.733097
0.548329
-0.483253
-0.597155
0.783663
-0.450635
-0.575078
0.150099
0.411843
0.811464
0.621058
-0.864363
0.316437
0.166590
0.667093
0.649267
0.535314
-0.601692
0.699293
0.019258
0.498469
-0.895841
0.250829
-0.097342
0.619545
0.247533
-0.404098
-0.228388
-0.433038
-0.677577
0.538239
0.787867
0.130484
0.291383
-0.069229
0.556131
0.764958
0.501569
0.783374
0.137504
-0.381405
0.087479
-0.685840
-0.691678
0.791481
0.271994
0.489248
-0.539079
-0.303451
0.548950
0.698236
0.238680
0.782551
0.819985
0.422422
-0.591218
-0.740394
-0.075334
0.816014
-0.298645
-0.689068
-0.240665
0.837964
0.657368
0.349282
-0.406720
0.508682
-0.237813
-0.618701
0.698328
-0.469830
0.137081
-0.161980
-0.871133
-0.767937
0.815131
0.164980
0.718473
0.035851
0.111366
0.307006
0.723897
0.792155
0.732673
0.659515
0.083565
0.821413
-0.311188
0.719157
-0.023424
0.045169
0.444338
-0.029642
0.352863
0.830516
0.677743
0.692814
-0.193605
0.289747
-0.178504
